0880247600180401000000000100000
5251875600012001000000001000078
5252054800016602000000000007400
5252080500016001000000000002067
3938214600034600000000000000528
5252040800019801000000000001740
3003316800016401000000000200210
1137247000010002000000000047000
0957400300010301000000000104981
5252376000018701000000000085000
5252381400010401000000000003280
5252378300019102000000000007320
5252379400017101000000000058900
5252383600017400000000000100000
5252385500010901000000000100000
5252388800014001000000000100000
5252391000015201000000000100000
5252375100019601000000000100000
5252397200016401000000000100000
5251774400018101000000000100000
5251776200016301000000000100000
5251190200019601000000000100000
5239907100010201000000000077000
5250233700010901000000000100000
3699226600010502000000000100000
3635792100015301000000000100000
3015472700019401000000000100000
2892948400017701000000000100000
1651883800010100000000000100000
1245621000017801000000000100000
1214879400011401000000000100000
1126215400017801000000000100000
0744712300038601000000000100000
0775962600012501000000000100000
0494798100013001000000000100000
0494630600019601000000000100000
0495473500010502000000000100000
0810023500016701000000000100000
0330634300017701000000000100000
0330266900012601000000000100000
0329979400012400000000000100000
0330011000016702000000000100000
0299999900015001000000000100000
0287352800010901000000000100000
0167079600015201000000000100000
0000072400013501000000000100000
0000428600018301000000000100000
0000099300010001000000000100000
3408621500019902000000000100000
9259151000010701000000000100000
5282157600011300000000000100000
8345272200010401000000000100000